iso_639_3,script,language_code,language_name,character,unicode_category,unicode_name,total_frequency_all_time,time_periods_with_data_count,time_periods_list,year_2013_frequency,year_2014_frequency,year_2015_frequency,year_2017_frequency,year_2018_frequency,year_2019_frequency,year_2020_frequency,year_2021_frequency,year_2022_frequency,year_2023_frequency,year_2024_frequency
fuh,Latn,fuh_Latn,Western Niger Fulfulde, ,Zs,SPACE,210305,11,"2013,2014,2015,2017,2018,2019,2020,2021,2022,2023,2024",872,2548,1222,20058,25952,51624,20458,18630,29191,39419,331
fuh,Latn,fuh_Latn,Western Niger Fulfulde,a,Ll,LATIN SMALL LETTER A,149309,11,"2013,2014,2015,2017,2018,2019,2020,2021,2022,2023,2024",613,1682,787,14589,17352,38392,13899,12892,20413,28481,209
fuh,Latn,fuh_Latn,Western Niger Fulfulde,o,Ll,LATIN SMALL LETTER O,101208,11,"2013,2014,2015,2017,2018,2019,2020,2021,2022,2023,2024",377,1357,670,10279,11714,25171,9153,8936,14565,18846,140
fuh,Latn,fuh_Latn,Western Niger Fulfulde,e,Ll,LATIN SMALL LETTER E,99421,11,"2013,2014,2015,2017,2018,2019,2020,2021,2022,2023,2024",445,1293,632,8338,12084,23921,11661,8898,13229,18748,172
fuh,Latn,fuh_Latn,Western Niger Fulfulde,n,Ll,LATIN SMALL LETTER N,88771,11,"2013,2014,2015,2017,2018,2019,2020,2021,2022,2023,2024",426,1035,428,8537,9644,21860,8395,8042,13289,16975,140
fuh,Latn,fuh_Latn,Western Niger Fulfulde,i,Ll,LATIN SMALL LETTER I,84980,11,"2013,2014,2015,2017,2018,2019,2020,2021,2022,2023,2024",364,925,499,8528,10554,21731,8241,7057,11862,15089,130
fuh,Latn,fuh_Latn,Western Niger Fulfulde,u,Ll,LATIN SMALL LETTER U,47135,11,"2013,2014,2015,2017,2018,2019,2020,2021,2022,2023,2024",143,451,240,4765,4668,12356,4080,4191,6925,9236,80
fuh,Latn,fuh_Latn,Western Niger Fulfulde,m,Ll,LATIN SMALL LETTER M,46156,11,"2013,2014,2015,2017,2018,2019,2020,2021,2022,2023,2024",175,443,200,5024,5145,12009,3526,3507,6719,9325,83
fuh,Latn,fuh_Latn,Western Niger Fulfulde,d,Ll,LATIN SMALL LETTER D,40127,11,"2013,2014,2015,2017,2018,2019,2020,2021,2022,2023,2024",183,556,247,3063,4832,9468,4660,3746,5769,7547,56
fuh,Latn,fuh_Latn,Western Niger Fulfulde,l,Ll,LATIN SMALL LETTER L,39481,11,"2013,2014,2015,2017,2018,2019,2020,2021,2022,2023,2024",163,527,231,3062,4541,9063,4331,3358,6540,7613,52
fuh,Latn,fuh_Latn,Western Niger Fulfulde,k,Ll,LATIN SMALL LETTER K,31683,11,"2013,2014,2015,2017,2018,2019,2020,2021,2022,2023,2024",115,438,184,2986,3677,7558,3184,2961,4522,6004,54
fuh,Latn,fuh_Latn,Western Niger Fulfulde,ɗ,Ll,LATIN SMALL LETTER D WITH HOOK,29889,11,"2013,2014,2015,2017,2018,2019,2020,2021,2022,2023,2024",122,275,155,3259,3155,7913,2731,2451,4048,5715,65
fuh,Latn,fuh_Latn,Western Niger Fulfulde,r,Ll,LATIN SMALL LETTER R,27875,11,"2013,2014,2015,2017,2018,2019,2020,2021,2022,2023,2024",98,377,171,2369,3019,6414,2930,2528,4657,5261,51
fuh,Latn,fuh_Latn,Western Niger Fulfulde,t,Ll,LATIN SMALL LETTER T,27583,11,"2013,2014,2015,2017,2018,2019,2020,2021,2022,2023,2024",115,378,224,2373,3507,6463,2961,2557,3773,5195,37
fuh,Latn,fuh_Latn,Western Niger Fulfulde,w,Ll,LATIN SMALL LETTER W,24141,11,"2013,2014,2015,2017,2018,2019,2020,2021,2022,2023,2024",111,272,169,2132,2893,5666,2464,2137,3586,4668,43
fuh,Latn,fuh_Latn,Western Niger Fulfulde,g,Ll,LATIN SMALL LETTER G,21173,11,"2013,2014,2015,2017,2018,2019,2020,2021,2022,2023,2024",106,225,166,1601,2660,4745,2512,1972,3278,3882,26
fuh,Latn,fuh_Latn,Western Niger Fulfulde,ɓ,Ll,LATIN SMALL LETTER B WITH HOOK,18989,11,"2013,2014,2015,2017,2018,2019,2020,2021,2022,2023,2024",57,160,83,1834,1936,4813,1738,1530,2880,3920,38
fuh,Latn,fuh_Latn,Western Niger Fulfulde,y,Ll,LATIN SMALL LETTER Y,17503,11,"2013,2014,2015,2017,2018,2019,2020,2021,2022,2023,2024",81,203,94,1796,2499,4868,1613,1571,1847,2918,13
fuh,Latn,fuh_Latn,Western Niger Fulfulde,",",Po,COMMA,16906,11,"2013,2014,2015,2017,2018,2019,2020,2021,2022,2023,2024",77,190,127,1603,2431,4130,1571,1578,2131,3035,33
fuh,Latn,fuh_Latn,Western Niger Fulfulde,h,Ll,LATIN SMALL LETTER H,16176,11,"2013,2014,2015,2017,2018,2019,2020,2021,2022,2023,2024",68,193,72,1222,1926,3500,1745,1482,2889,3049,30
fuh,Latn,fuh_Latn,Western Niger Fulfulde,.,Po,FULL STOP,13999,11,"2013,2014,2015,2017,2018,2019,2020,2021,2022,2023,2024",34,136,68,1340,1407,3436,1385,1135,2050,2985,23
fuh,Latn,fuh_Latn,Western Niger Fulfulde,j,Ll,LATIN SMALL LETTER J,13408,11,"2013,2014,2015,2017,2018,2019,2020,2021,2022,2023,2024",60,188,73,1121,1753,3754,1291,1226,1645,2289,8
fuh,Latn,fuh_Latn,Western Niger Fulfulde,b,Ll,LATIN SMALL LETTER B,12920,11,"2013,2014,2015,2017,2018,2019,2020,2021,2022,2023,2024",44,147,70,1253,1438,3271,1176,1071,1847,2579,24
fuh,Latn,fuh_Latn,Western Niger Fulfulde,s,Ll,LATIN SMALL LETTER S,12832,11,"2013,2014,2015,2017,2018,2019,2020,2021,2022,2023,2024",49,168,75,1491,1438,3117,1216,1003,1863,2394,18
fuh,Latn,fuh_Latn,Western Niger Fulfulde,f,Ll,LATIN SMALL LETTER F,9365,11,"2013,2014,2015,2017,2018,2019,2020,2021,2022,2023,2024",31,109,66,888,1014,2393,864,880,1266,1831,23
fuh,Latn,fuh_Latn,Western Niger Fulfulde,A,Lu,LATIN CAPITAL LETTER A,4489,11,"2013,2014,2015,2017,2018,2019,2020,2021,2022,2023,2024",7,71,25,458,609,878,334,247,882,969,9
fuh,Latn,fuh_Latn,Western Niger Fulfulde,p,Ll,LATIN SMALL LETTER P,3791,11,"2013,2014,2015,2017,2018,2019,2020,2021,2022,2023,2024",9,55,28,273,525,847,560,327,384,773,10
fuh,Latn,fuh_Latn,Western Niger Fulfulde,c,Ll,LATIN SMALL LETTER C,3754,11,"2013,2014,2015,2017,2018,2019,2020,2021,2022,2023,2024",15,37,33,272,464,861,511,305,465,782,9
fuh,Latn,fuh_Latn,Western Niger Fulfulde,1,Nd,DIGIT ONE,3561,11,"2013,2014,2015,2017,2018,2019,2020,2021,2022,2023,2024",4,57,15,423,107,924,132,214,706,971,8
fuh,Latn,fuh_Latn,Western Niger Fulfulde,N,Lu,LATIN CAPITAL LETTER N,2798,11,"2013,2014,2015,2017,2018,2019,2020,2021,2022,2023,2024",4,29,20,192,297,708,247,220,442,634,5
fuh,Latn,fuh_Latn,Western Niger Fulfulde,M,Lu,LATIN CAPITAL LETTER M,2779,11,"2013,2014,2015,2017,2018,2019,2020,2021,2022,2023,2024",13,63,15,286,366,704,292,210,288,538,4
fuh,Latn,fuh_Latn,Western Niger Fulfulde,ƴ,Ll,LATIN SMALL LETTER Y WITH HOOK,2497,11,"2013,2014,2015,2017,2018,2019,2020,2021,2022,2023,2024",5,17,3,295,240,665,183,220,308,554,7
fuh,Latn,fuh_Latn,Western Niger Fulfulde,:,Po,COLON,2481,10,"2013,2014,2015,2017,2018,2019,2020,2021,2022,2023",10,20,4,144,310,604,482,121,121,665,0
fuh,Latn,fuh_Latn,Western Niger Fulfulde,K,Lu,LATIN CAPITAL LETTER K,2221,11,"2013,2014,2015,2017,2018,2019,2020,2021,2022,2023,2024",5,42,25,206,325,494,297,214,265,345,3
fuh,Latn,fuh_Latn,Western Niger Fulfulde,',Po,APOSTROPHE,2194,8,"2013,2017,2019,2020,2021,2022,2023,2024",10,0,0,210,0,744,46,33,367,782,2
fuh,Latn,fuh_Latn,Western Niger Fulfulde,S,Lu,LATIN CAPITAL LETTER S,2144,11,"2013,2014,2015,2017,2018,2019,2020,2021,2022,2023,2024",6,45,12,186,334,567,260,154,200,378,2
fuh,Latn,fuh_Latn,Western Niger Fulfulde,I,Lu,LATIN CAPITAL LETTER I,2124,11,"2013,2014,2015,2017,2018,2019,2020,2021,2022,2023,2024",2,15,8,223,202,620,169,107,397,378,3
fuh,Latn,fuh_Latn,Western Niger Fulfulde,2,Nd,DIGIT TWO,2035,11,"2013,2014,2015,2017,2018,2019,2020,2021,2022,2023,2024",3,28,15,230,72,489,89,161,347,599,2
fuh,Latn,fuh_Latn,Western Niger Fulfulde,L,Lu,LATIN CAPITAL LETTER L,1764,10,"2013,2014,2015,2017,2018,2019,2020,2021,2022,2023",3,9,1,413,61,616,150,128,99,284,0
fuh,Latn,fuh_Latn,Western Niger Fulfulde,ñ,Ll,LATIN SMALL LETTER N WITH TILDE,1616,10,"2013,2014,2015,2017,2018,2019,2020,2021,2022,2023",9,55,28,63,375,231,368,271,29,187,0
fuh,Latn,fuh_Latn,Western Niger Fulfulde,J,Lu,LATIN CAPITAL LETTER J,1544,10,"2014,2015,2017,2018,2019,2020,2021,2022,2023,2024",0,22,7,196,122,449,163,88,218,278,1
fuh,Latn,fuh_Latn,Western Niger Fulfulde,H,Lu,LATIN CAPITAL LETTER H,1360,11,"2013,2014,2015,2017,2018,2019,2020,2021,2022,2023,2024",3,29,9,92,167,343,150,108,219,238,2
fuh,Latn,fuh_Latn,Western Niger Fulfulde,-,Pd,HYPHEN-MINUS,1301,10,"2013,2014,2015,2017,2018,2019,2020,2021,2022,2023",14,21,11,67,196,180,176,78,260,298,0
fuh,Latn,fuh_Latn,Western Niger Fulfulde,B,Lu,LATIN CAPITAL LETTER B,1263,11,"2013,2014,2015,2017,2018,2019,2020,2021,2022,2023,2024",4,15,5,121,176,345,150,76,149,221,1
fuh,Latn,fuh_Latn,Western Niger Fulfulde,O,Lu,LATIN CAPITAL LETTER O,1250,11,"2013,2014,2015,2017,2018,2019,2020,2021,2022,2023,2024",1,14,1,120,166,297,147,82,173,247,2
fuh,Latn,fuh_Latn,Western Niger Fulfulde,3,Nd,DIGIT THREE,1151,11,"2013,2014,2015,2017,2018,2019,2020,2021,2022,2023,2024",2,16,1,101,25,292,42,54,191,424,3
fuh,Latn,fuh_Latn,Western Niger Fulfulde,),Pe,RIGHT PARENTHESIS,1135,10,"2013,2014,2015,2017,2018,2019,2020,2021,2022,2023",11,24,9,39,138,210,179,137,257,131,0
fuh,Latn,fuh_Latn,Western Niger Fulfulde,(,Ps,LEFT PARENTHESIS,1130,10,"2013,2014,2015,2017,2018,2019,2020,2021,2022,2023",12,25,9,39,140,206,175,138,257,129,0
fuh,Latn,fuh_Latn,Western Niger Fulfulde,T,Lu,LATIN CAPITAL LETTER T,1103,11,"2013,2014,2015,2017,2018,2019,2020,2021,2022,2023,2024",2,19,7,61,93,266,139,66,206,241,3
fuh,Latn,fuh_Latn,Western Niger Fulfulde,0,Nd,DIGIT ZERO,1041,11,"2013,2014,2015,2017,2018,2019,2020,2021,2022,2023,2024",16,37,12,74,103,227,123,112,111,225,1
fuh,Latn,fuh_Latn,Western Niger Fulfulde,4,Nd,DIGIT FOUR,973,10,"2013,2014,2017,2018,2019,2020,2021,2022,2023,2024",2,10,0,94,34,274,28,52,157,320,2
fuh,Latn,fuh_Latn,Western Niger Fulfulde,ŋ,Ll,LATIN SMALL LETTER ENG,953,10,"2013,2014,2015,2017,2018,2019,2020,2021,2022,2023",2,24,5,60,154,213,178,118,51,148,0
fuh,Latn,fuh_Latn,Western Niger Fulfulde,W,Lu,LATIN CAPITAL LETTER W,952,10,"2014,2015,2017,2018,2019,2020,2021,2022,2023,2024",0,10,2,104,99,267,101,61,92,214,2
fuh,Latn,fuh_Latn,Western Niger Fulfulde,D,Lu,LATIN CAPITAL LETTER D,935,10,"2013,2014,2015,2017,2018,2019,2020,2021,2022,2023",1,7,11,49,102,201,184,80,148,152,0
fuh,Latn,fuh_Latn,Western Niger Fulfulde,F,Lu,LATIN CAPITAL LETTER F,921,9,"2014,2015,2017,2018,2019,2020,2021,2022,2023",0,13,7,87,116,184,165,40,97,212,0
fuh,Latn,fuh_Latn,Western Niger Fulfulde,*,Po,ASTERISK,917,6,"2014,2017,2021,2022,2023,2024",0,1,0,30,0,0,0,15,512,356,3
fuh,Latn,fuh_Latn,Western Niger Fulfulde,G,Lu,LATIN CAPITAL LETTER G,892,10,"2013,2014,2015,2017,2018,2019,2020,2021,2022,2023",4,7,2,52,92,180,143,91,180,141,0
fuh,Latn,fuh_Latn,Western Niger Fulfulde,5,Nd,DIGIT FIVE,857,11,"2013,2014,2015,2017,2018,2019,2020,2021,2022,2023,2024",3,7,10,90,37,229,54,44,150,231,2
fuh,Latn,fuh_Latn,Western Niger Fulfulde,9,Nd,DIGIT NINE,798,10,"2014,2015,2017,2018,2019,2020,2021,2022,2023,2024",0,20,2,75,71,213,46,58,130,182,1
fuh,Latn,fuh_Latn,Western Niger Fulfulde,Ɓ,Lu,LATIN CAPITAL LETTER B WITH HOOK,772,9,"2014,2015,2017,2018,2019,2020,2021,2022,2023",0,5,3,124,68,213,67,35,88,169,0
fuh,Latn,fuh_Latn,Western Niger Fulfulde,6,Nd,DIGIT SIX,760,10,"2013,2014,2017,2018,2019,2020,2021,2022,2023,2024",3,15,0,87,31,209,39,53,121,201,1
fuh,Latn,fuh_Latn,Western Niger Fulfulde,C,Lu,LATIN CAPITAL LETTER C,691,10,"2014,2015,2017,2018,2019,2020,2021,2022,2023,2024",0,9,6,46,119,204,91,43,73,99,1
fuh,Latn,fuh_Latn,Western Niger Fulfulde,8,Nd,DIGIT EIGHT,686,10,"2013,2014,2017,2018,2019,2020,2021,2022,2023,2024",1,12,0,76,34,177,53,39,103,190,1
fuh,Latn,fuh_Latn,Western Niger Fulfulde,E,Lu,LATIN CAPITAL LETTER E,684,11,"2013,2014,2015,2017,2018,2019,2020,2021,2022,2023,2024",2,16,7,62,115,150,123,51,79,77,2
fuh,Latn,fuh_Latn,Western Niger Fulfulde,7,Nd,DIGIT SEVEN,676,11,"2013,2014,2015,2017,2018,2019,2020,2021,2022,2023,2024",1,12,3,78,33,187,26,51,110,174,1
fuh,Latn,fuh_Latn,Western Niger Fulfulde,Y,Lu,LATIN CAPITAL LETTER Y,676,9,"2014,2015,2017,2018,2019,2020,2021,2022,2023",0,1,1,80,42,155,107,21,100,169,0
fuh,Latn,fuh_Latn,Western Niger Fulfulde,P,Lu,LATIN CAPITAL LETTER P,598,10,"2013,2014,2015,2017,2018,2019,2020,2021,2022,2023",3,4,5,65,41,103,113,39,147,78,0
fuh,Latn,fuh_Latn,Western Niger Fulfulde,Ɗ,Lu,LATIN CAPITAL LETTER D WITH HOOK,587,9,"2014,2015,2017,2018,2019,2020,2021,2022,2023",0,6,9,43,86,129,60,54,86,114,0
fuh,Latn,fuh_Latn,Western Niger Fulfulde,?,Po,QUESTION MARK,579,10,"2013,2014,2015,2017,2018,2019,2020,2021,2022,2023",7,9,10,37,78,184,37,30,37,150,0
fuh,Latn,fuh_Latn,Western Niger Fulfulde,»,Pf,RIGHT-POINTING DOUBLE ANGLE QUOTATION MARK,578,9,"2014,2015,2017,2018,2019,2020,2021,2022,2023",0,12,2,24,105,136,137,37,68,57,0
fuh,Latn,fuh_Latn,Western Niger Fulfulde,«,Pi,LEFT-POINTING DOUBLE ANGLE QUOTATION MARK,557,9,"2014,2015,2017,2018,2019,2020,2021,2022,2023",0,12,2,25,110,137,110,37,67,57,0
fuh,Latn,fuh_Latn,Western Niger Fulfulde,“,Pi,LEFT DOUBLE QUOTATION MARK,533,9,"2013,2014,2015,2017,2018,2019,2020,2021,2023",2,6,3,63,179,117,53,84,0,26,0
fuh,Latn,fuh_Latn,Western Niger Fulfulde,’,Pf,RIGHT SINGLE QUOTATION MARK,509,10,"2013,2014,2015,2017,2018,2019,2020,2021,2022,2023",2,3,5,3,30,50,51,120,232,13,0
fuh,Latn,fuh_Latn,Western Niger Fulfulde,—,Pd,EM DASH,488,7,"2017,2018,2019,2020,2021,2022,2023",0,0,0,22,32,241,13,11,26,143,0
fuh,Latn,fuh_Latn,Western Niger Fulfulde,”,Pf,RIGHT DOUBLE QUOTATION MARK,488,9,"2013,2014,2015,2017,2018,2019,2020,2021,2023",2,6,3,60,156,103,57,76,0,25,0
fuh,Latn,fuh_Latn,Western Niger Fulfulde,!,Po,EXCLAMATION MARK,462,9,"2014,2015,2017,2018,2019,2020,2021,2022,2023",0,1,5,30,91,191,7,17,22,98,0
fuh,Latn,fuh_Latn,Western Niger Fulfulde,R,Lu,LATIN CAPITAL LETTER R,454,10,"2014,2015,2017,2018,2019,2020,2021,2022,2023,2024",0,8,4,64,42,101,46,41,68,79,1
fuh,Latn,fuh_Latn,Western Niger Fulfulde,U,Lu,LATIN CAPITAL LETTER U,242,10,"2013,2014,2015,2017,2018,2019,2020,2021,2022,2023",1,8,5,21,24,49,36,4,35,59,0
fuh,Latn,fuh_Latn,Western Niger Fulfulde,;,Po,SEMICOLON,161,10,"2013,2014,2015,2017,2018,2019,2020,2021,2022,2023",1,5,1,2,46,47,20,9,20,10,0
fuh,Latn,fuh_Latn,Western Niger Fulfulde,Ñ,Lu,LATIN CAPITAL LETTER N WITH TILDE,139,8,"2014,2015,2018,2019,2020,2021,2022,2023",0,8,1,0,16,26,54,12,1,21,0
fuh,Latn,fuh_Latn,Western Niger Fulfulde,"""",Po,QUOTATION MARK,110,2,"2020,2023",0,0,0,0,0,0,4,0,0,106,0
fuh,Latn,fuh_Latn,Western Niger Fulfulde,–,Pd,EN DASH,100,8,"2014,2015,2018,2019,2020,2021,2022,2023",0,1,1,0,31,13,5,5,39,5,0
fuh,Latn,fuh_Latn,Western Niger Fulfulde,é,Ll,LATIN SMALL LETTER E WITH ACUTE,96,8,"2013,2014,2018,2019,2020,2021,2022,2023",1,2,0,0,5,45,23,5,9,6,0
fuh,Latn,fuh_Latn,Western Niger Fulfulde,q,Ll,LATIN SMALL LETTER Q,88,8,"2013,2015,2018,2019,2020,2021,2022,2023",1,0,1,0,4,46,12,4,3,17,0
fuh,Latn,fuh_Latn,Western Niger Fulfulde,/,Po,SOLIDUS,87,9,"2013,2014,2017,2018,2019,2020,2021,2022,2023",1,4,0,8,12,10,31,9,1,11,0
fuh,Latn,fuh_Latn,Western Niger Fulfulde,v,Ll,LATIN SMALL LETTER V,73,8,"2013,2014,2018,2019,2020,2021,2022,2023",1,3,0,0,7,13,13,15,4,17,0
fuh,Latn,fuh_Latn,Western Niger Fulfulde,Ƴ,Lu,LATIN CAPITAL LETTER Y WITH HOOK,43,7,"2017,2018,2019,2020,2021,2022,2023",0,0,0,1,9,12,2,2,2,15,0
fuh,Latn,fuh_Latn,Western Niger Fulfulde,Q,Lu,LATIN CAPITAL LETTER Q,40,6,"2014,2017,2018,2019,2020,2023",0,2,0,9,6,18,4,0,0,1,0
fuh,Latn,fuh_Latn,Western Niger Fulfulde,†,Po,DAGGER,40,4,"2017,2021,2022,2023",0,0,0,5,0,0,0,2,10,23,0
fuh,Latn,fuh_Latn,Western Niger Fulfulde,x,Ll,LATIN SMALL LETTER X,38,6,"2013,2014,2018,2019,2020,2023",5,1,0,0,10,11,8,0,0,3,0
fuh,Latn,fuh_Latn,Western Niger Fulfulde,],Pe,RIGHT SQUARE BRACKET,31,6,"2017,2019,2020,2021,2022,2023",0,0,0,5,0,1,10,3,2,10,0
fuh,Latn,fuh_Latn,Western Niger Fulfulde,[,Ps,LEFT SQUARE BRACKET,30,6,"2017,2019,2020,2021,2022,2023",0,0,0,5,0,1,10,3,2,9,0
fuh,Latn,fuh_Latn,Western Niger Fulfulde,z,Ll,LATIN SMALL LETTER Z,21,7,"2014,2018,2019,2020,2021,2022,2023",0,1,0,0,3,2,2,2,5,6,0
fuh,Latn,fuh_Latn,Western Niger Fulfulde,V,Lu,LATIN CAPITAL LETTER V,19,7,"2014,2015,2018,2019,2020,2021,2023",0,1,1,0,1,2,6,2,0,6,0
fuh,Latn,fuh_Latn,Western Niger Fulfulde,=,Sm,EQUALS SIGN,18,2,"2020,2021",0,0,0,0,0,0,17,1,0,0,0
fuh,Latn,fuh_Latn,Western Niger Fulfulde,ا,Lo,ARABIC LETTER ALEF,16,1,2022,0,0,0,0,0,0,0,0,16,0,0
fuh,Latn,fuh_Latn,Western Niger Fulfulde,′,Po,PRIME,16,1,2020,0,0,0,0,0,0,16,0,0,0,0
fuh,Latn,fuh_Latn,Western Niger Fulfulde,‡,Po,DOUBLE DAGGER,14,3,"2017,2022,2023",0,0,0,3,0,0,0,0,2,9,0
fuh,Latn,fuh_Latn,Western Niger Fulfulde,ل,Lo,ARABIC LETTER LAM,14,1,2022,0,0,0,0,0,0,0,0,14,0,0
fuh,Latn,fuh_Latn,Western Niger Fulfulde,Ŋ,Lu,LATIN CAPITAL LETTER ENG,13,4,"2018,2020,2022,2023",0,0,0,0,1,0,5,0,1,6,0
fuh,Latn,fuh_Latn,Western Niger Fulfulde,§,Po,SECTION SIGN,11,2,"2017,2023",0,0,0,3,0,0,0,0,0,8,0
fuh,Latn,fuh_Latn,Western Niger Fulfulde,â,Ll,LATIN SMALL LETTER A WITH CIRCUMFLEX,9,2,"2020,2022",0,0,0,0,0,0,1,0,8,0,0
fuh,Latn,fuh_Latn,Western Niger Fulfulde,_,Pc,LOW LINE,9,3,"2014,2019,2023",0,1,0,0,0,1,0,0,0,7,0
fuh,Latn,fuh_Latn,Western Niger Fulfulde,|,Sm,VERTICAL LINE,9,2,"2020,2023",0,0,0,0,0,0,2,0,0,7,0
fuh,Latn,fuh_Latn,Western Niger Fulfulde,%,Po,PERCENT SIGN,9,4,"2018,2019,2020,2021",0,0,0,0,1,1,1,6,0,0,0
fuh,Latn,fuh_Latn,Western Niger Fulfulde,‘,Pi,LEFT SINGLE QUOTATION MARK,8,5,"2018,2019,2020,2021,2023",0,0,0,0,2,2,1,1,0,2,0
fuh,Latn,fuh_Latn,Western Niger Fulfulde,#,Po,NUMBER SIGN,7,2,"2019,2021",0,0,0,0,0,6,0,1,0,0,0
fuh,Latn,fuh_Latn,Western Niger Fulfulde,γ,Ll,GREEK SMALL LETTER GAMMA,6,1,2018,0,0,0,0,6,0,0,0,0,0,0
fuh,Latn,fuh_Latn,Western Niger Fulfulde,م,Lo,ARABIC LETTER MEEM,6,1,2022,0,0,0,0,0,0,0,0,6,0,0
fuh,Latn,fuh_Latn,Western Niger Fulfulde,ي,Lo,ARABIC LETTER YEH,6,1,2022,0,0,0,0,0,0,0,0,6,0,0
fuh,Latn,fuh_Latn,Western Niger Fulfulde,•,Po,BULLET,6,2,"2022,2023",0,0,0,0,0,0,0,0,1,5,0
fuh,Latn,fuh_Latn,Western Niger Fulfulde,ه,Lo,ARABIC LETTER HEH,6,1,2022,0,0,0,0,0,0,0,0,6,0,0
fuh,Latn,fuh_Latn,Western Niger Fulfulde,ة,Lo,ARABIC LETTER TEH MARBUTA,6,1,2022,0,0,0,0,0,0,0,0,6,0,0
fuh,Latn,fuh_Latn,Western Niger Fulfulde,è,Ll,LATIN SMALL LETTER E WITH GRAVE,5,3,"2013,2019,2020",1,0,0,0,0,1,3,0,0,0,0
fuh,Latn,fuh_Latn,Western Niger Fulfulde,ر,Lo,ARABIC LETTER REH,5,1,2022,0,0,0,0,0,0,0,0,5,0,0
fuh,Latn,fuh_Latn,Western Niger Fulfulde,ب,Lo,ARABIC LETTER BEH,5,1,2022,0,0,0,0,0,0,0,0,5,0,0
fuh,Latn,fuh_Latn,Western Niger Fulfulde,و,Lo,ARABIC LETTER WAW,5,1,2022,0,0,0,0,0,0,0,0,5,0,0
fuh,Latn,fuh_Latn,Western Niger Fulfulde,+,Sm,PLUS SIGN,5,1,2020,0,0,0,0,0,0,5,0,0,0,0
fuh,Latn,fuh_Latn,Western Niger Fulfulde,ج,Lo,ARABIC LETTER JEEM,4,1,2022,0,0,0,0,0,0,0,0,4,0,0
fuh,Latn,fuh_Latn,Western Niger Fulfulde,ت,Lo,ARABIC LETTER TEH,4,1,2022,0,0,0,0,0,0,0,0,4,0,0
fuh,Latn,fuh_Latn,Western Niger Fulfulde,ن,Lo,ARABIC LETTER NOON,4,1,2022,0,0,0,0,0,0,0,0,4,0,0
fuh,Latn,fuh_Latn,Western Niger Fulfulde,ح,Lo,ARABIC LETTER HAH,4,1,2022,0,0,0,0,0,0,0,0,4,0,0
fuh,Latn,fuh_Latn,Western Niger Fulfulde,î,Ll,LATIN SMALL LETTER I WITH CIRCUMFLEX,4,4,"2014,2018,2019,2020",0,1,0,0,1,1,1,0,0,0,0
fuh,Latn,fuh_Latn,Western Niger Fulfulde,ف,Lo,ARABIC LETTER FEH,3,1,2022,0,0,0,0,0,0,0,0,3,0,0
fuh,Latn,fuh_Latn,Western Niger Fulfulde,°,So,DEGREE SIGN,3,2,"2018,2020",0,0,0,0,1,0,2,0,0,0,0
fuh,Latn,fuh_Latn,Western Niger Fulfulde,ß,Ll,LATIN SMALL LETTER SHARP S,3,1,2023,0,0,0,0,0,0,0,0,0,3,0
fuh,Latn,fuh_Latn,Western Niger Fulfulde,Z,Lu,LATIN CAPITAL LETTER Z,3,2,"2014,2022",0,1,0,0,0,0,0,0,2,0,0
fuh,Latn,fuh_Latn,Western Niger Fulfulde,̈,Mn,COMBINING DIAERESIS,3,1,2022,0,0,0,0,0,0,0,0,3,0,0
fuh,Latn,fuh_Latn,Western Niger Fulfulde,ç,Ll,LATIN SMALL LETTER C WITH CEDILLA,3,1,2019,0,0,0,0,0,3,0,0,0,0,0
fuh,Latn,fuh_Latn,Western Niger Fulfulde,©,So,COPYRIGHT SIGN,3,1,2023,0,0,0,0,0,0,0,0,0,3,0
fuh,Latn,fuh_Latn,Western Niger Fulfulde,›,Pf,SINGLE RIGHT-POINTING ANGLE QUOTATION MARK,3,1,2019,0,0,0,0,0,3,0,0,0,0,0
fuh,Latn,fuh_Latn,Western Niger Fulfulde,‹,Pi,SINGLE LEFT-POINTING ANGLE QUOTATION MARK,3,1,2019,0,0,0,0,0,3,0,0,0,0,0
fuh,Latn,fuh_Latn,Western Niger Fulfulde,د,Lo,ARABIC LETTER DAL,2,1,2022,0,0,0,0,0,0,0,0,2,0,0
fuh,Latn,fuh_Latn,Western Niger Fulfulde,ك,Lo,ARABIC LETTER KAF,2,1,2022,0,0,0,0,0,0,0,0,2,0,0
fuh,Latn,fuh_Latn,Western Niger Fulfulde,¬,Sm,NOT SIGN,2,1,2018,0,0,0,0,2,0,0,0,0,0,0
fuh,Latn,fuh_Latn,Western Niger Fulfulde,س,Lo,ARABIC LETTER SEEN,2,1,2022,0,0,0,0,0,0,0,0,2,0,0
fuh,Latn,fuh_Latn,Western Niger Fulfulde,û,Ll,LATIN SMALL LETTER U WITH CIRCUMFLEX,2,2,"2018,2019",0,0,0,0,1,1,0,0,0,0,0
fuh,Latn,fuh_Latn,Western Niger Fulfulde,X,Lu,LATIN CAPITAL LETTER X,2,2,"2019,2020",0,0,0,0,0,1,1,0,0,0,0
fuh,Latn,fuh_Latn,Western Niger Fulfulde,à,Ll,LATIN SMALL LETTER A WITH GRAVE,2,2,"2019,2020",0,0,0,0,0,1,1,0,0,0,0
fuh,Latn,fuh_Latn,Western Niger Fulfulde,ü,Ll,LATIN SMALL LETTER U WITH DIAERESIS,2,1,2019,0,0,0,0,0,2,0,0,0,0,0
fuh,Latn,fuh_Latn,Western Niger Fulfulde,ʼ,Lm,MODIFIER LETTER APOSTROPHE,2,1,2020,0,0,0,0,0,0,2,0,0,0,0
fuh,Latn,fuh_Latn,Western Niger Fulfulde,`,Sk,GRAVE ACCENT,2,1,2023,0,0,0,0,0,0,0,0,0,2,0
fuh,Latn,fuh_Latn,Western Niger Fulfulde,ô,Ll,LATIN SMALL LETTER O WITH CIRCUMFLEX,2,2,"2020,2023",0,0,0,0,0,0,1,0,0,1,0
fuh,Latn,fuh_Latn,Western Niger Fulfulde,@,Po,COMMERCIAL AT,2,1,2020,0,0,0,0,0,0,2,0,0,0,0
fuh,Latn,fuh_Latn,Western Niger Fulfulde,ذ,Lo,ARABIC LETTER THAL,1,1,2022,0,0,0,0,0,0,0,0,1,0,0
fuh,Latn,fuh_Latn,Western Niger Fulfulde,},Pe,RIGHT CURLY BRACKET,1,1,2023,0,0,0,0,0,0,0,0,0,1,0
fuh,Latn,fuh_Latn,Western Niger Fulfulde,{,Ps,LEFT CURLY BRACKET,1,1,2023,0,0,0,0,0,0,0,0,0,1,0
fuh,Latn,fuh_Latn,Western Niger Fulfulde,Ƞ,Lu,LATIN CAPITAL LETTER N WITH LONG RIGHT LEG,1,1,2017,0,0,0,1,0,0,0,0,0,0,0
fuh,Latn,fuh_Latn,Western Niger Fulfulde,ë,Ll,LATIN SMALL LETTER E WITH DIAERESIS,1,1,2019,0,0,0,0,0,1,0,0,0,0,0
fuh,Latn,fuh_Latn,Western Niger Fulfulde,ى,Lo,ARABIC LETTER ALEF MAKSURA,1,1,2022,0,0,0,0,0,0,0,0,1,0,0
fuh,Latn,fuh_Latn,Western Niger Fulfulde,إ,Lo,ARABIC LETTER ALEF WITH HAMZA BELOW,1,1,2022,0,0,0,0,0,0,0,0,1,0,0
fuh,Latn,fuh_Latn,Western Niger Fulfulde,ش,Lo,ARABIC LETTER SHEEN,1,1,2022,0,0,0,0,0,0,0,0,1,0,0
fuh,Latn,fuh_Latn,Western Niger Fulfulde,ض,Lo,ARABIC LETTER DAD,1,1,2022,0,0,0,0,0,0,0,0,1,0,0
fuh,Latn,fuh_Latn,Western Niger Fulfulde,غ,Lo,ARABIC LETTER GHAIN,1,1,2022,0,0,0,0,0,0,0,0,1,0,0
fuh,Latn,fuh_Latn,Western Niger Fulfulde,ï,Ll,LATIN SMALL LETTER I WITH DIAERESIS,1,1,2019,0,0,0,0,0,1,0,0,0,0,0
fuh,Latn,fuh_Latn,Western Niger Fulfulde,ê,Ll,LATIN SMALL LETTER E WITH CIRCUMFLEX,1,1,2020,0,0,0,0,0,0,1,0,0,0,0
fuh,Latn,fuh_Latn,Western Niger Fulfulde,ع,Lo,ARABIC LETTER AIN,1,1,2022,0,0,0,0,0,0,0,0,1,0,0
fuh,Latn,fuh_Latn,Western Niger Fulfulde,خ,Lo,ARABIC LETTER KHAH,1,1,2022,0,0,0,0,0,0,0,0,1,0,0
fuh,Latn,fuh_Latn,Western Niger Fulfulde,️,Mn,VARIATION SELECTOR-16,1,1,2019,0,0,0,0,0,1,0,0,0,0,0
fuh,Latn,fuh_Latn,Western Niger Fulfulde,✍,So,WRITING HAND,1,1,2019,0,0,0,0,0,1,0,0,0,0,0
